-0.71
-1.32
-1.54
-0.12
-0.74
-0.91
-1.49
-2.16
-1.52
-0.58
-1.68
-1.39
-2.16
-0.97
-1.57
-0.69
-0.73
-0.29
-0.77
-0.12
-0.58
0.27
0.87
0.45
1.18
-0.09
0.26
0.42
0.42
-0.30
0.31
0.16
1.18
0.28
-0.03
0.86
0.02
-0.44
-0.34
-0.00
-0.09
-0.27
-0.23
-1.14
-0.37
-0.68
-0.06
-0.04
0.03
-0.32
-0.59
-0.95
-0.29
0.05
-0.34
-0.96
1.01
-0.28
0.32
-0.32
0.30
-0.68
-0.14
-0.28
0.30
0.07
-0.40
-0.37
-0.91
0.60
0.76
0.74
1.88
0.35
0.84
0.58
0.10
-1.17
0.13
0.36
1.00
0.07
0.41
0.63
0.43
0.29
0.53
0.92
0.64
0.72
0.42
0.12
0.69
-0.44
0.41
0.17
1.18
0.57
-0.25
0.30
0.30
0.31
0.52
1.09
1.04
0.57
0.40
-0.03
0.56
-0.27
0.04
-0.22
0.44
0.42
-0.34
0.09
-0.33
0.77
-0.57
-0.46
0.77
-0.38
0.48
0.37
1.00
1.79
0.02
0.42
-0.04
0.64
0.22
0.65
0.97
1.26
0.65
0.37
-0.38
0.79
0.54
0.21
-0.19
-0.53
0.89
-0.13
0.12
0.68
-0.38
-0.71
0.40
-1.93
1.03
0.05
-0.52
1.56
1.72
1.16
1.06
1.12
0.83
0.50
1.13
0.60
0.61
1.66
1.38
1.74
1.32
1.02
1.63
1.28
1.62
1.13
1.47
-0.15
2.22
1.10
0.57
1.25
0.53
1.03
1.36
1.08
1.12
1.45
1.25
1.44
1.59
0.62
-0.23
1.66
0.39
1.34
1.43
1.30
1.70
1.24
1.53
0.12
0.12
0.65
-0.82
1.34
1.35
2.52
1.48
1.54
0.76
1.48
0.70
1.55
2.09
1.37
1.14
0.11
1.36
1.70
2.06
1.71
0.31
0.93
0.58
-0.52
0.56
1.25
1.25
-0.43
0.71
0.62
0.64
-0.58
-0.76
1.25
0.56
0.52
-0.01
1.12
1.16
-0.82
0.35
-1.05
1.02
-0.04
-0.94
2.26
2.04
1.43
1.71
2.07
2.28
0.27
1.97
2.17
1.70
1.67
0.22
0.22
1.68
0.79
0.97
2.08
-0.32
-0.70
-0.90
-0.35
-0.87
-0.24
-0.98
-0.86
-0.46
-0.37
-0.95
-0.54
-0.32
-0.87
-1.08
-0.11
-0.32
-0.42
-0.68
-0.45
-0.32
-0.19
-0.86
-0.11
-0.14
0.00
0.00
-0.07
-0.32
-0.19
-0.13
-0.05
-0.09
-0.17
0.00
-0.01
0.00
-0.01
0.00
-0.11
-0.32
-0.07
-0.06
-0.06
0.00
0.00
0.00
0.00
0.44
0.78
0.47
2.81
1.52
2.03
3.12
2.67
2.78
3.69
2.83
3.23
2.87
2.59
2.65
2.77
0.50
0.05
0.38
-1.44
0.31
3.39
0.03
0.02
-0.46
-0.65
-2.03
-1.30
-0.62
-1.66
-1.68
-1.58
-1.84
-1.96
-2.33
-1.86
-1.39
-1.42
-2.16
0.20
-1.35
-1.02
-1.33
-0.97
-1.17
-0.80
-0.67
-0.84
-0.52
-0.69
-0.68
-0.18
-0.63
-0.33
0.06
-1.38
10.07
15.00
2.46
0.06
0.96
0.89
0.74
3.39
0.03
0.02
3.41
0.56
0.12
-1.60
-3.50
-1.34
-1.26
-1.10
-1.40
-1.24
-3.59
-1.60
-3.34
-2.78
-2.10
-3.30
-3.08
-4.83
-3.75
-3.36
-2.81
-2.50
-3.38
-2.42
-0.50
-0.85
1.30
-1.93
-4.07
-3.52
-1.44
-3.90
-2.43
-1.00
-2.51
-0.68
0.30
-0.60
-0.50
0.21
-1.00
1.13
-1.00
-0.55
-0.44
-0.60
-1.98
-0.64
-1.00
-0.30
-1.00
-0.60
-0.77
-0.60
-0.80
-1.50
-0.78
-0.19
-1.50
-0.46
-1.01
-1.36
-0.80
-0.73
-1.50
-2.21
-1.50
-2.10
-1.25
-1.00
-1.28
-1.10
1.50
-4.03
-1.97
-3.10
-3.30
-1.10
-0.50
-0.57
-1.50
-1.40
-1.50
-1.10
-0.17
-1.10
-0.26
-0.06
-1.00
-0.37
-1.00
0.25
-0.66
-0.60
-0.70
-0.60
-1.00
-0.80
-1.00
-0.60
-0.80
-0.60
-0.60
-0.15
0.39
-1.34
-0.80
-0.70
-0.03
-3.12
-0.50
-0.68
-0.80
-1.20
-0.80
-0.70
0.13
-2.96
-0.24
-0.00
-0.45
-1.10
-0.80
-0.70
-0.46
-2.31
-0.50
-0.50
-0.80
-0.80
-0.80
-0.70
-0.60
-0.70
-0.07
-2.20
-1.19
-1.42
-1.65
-2.20
-1.67
-2.20
-1.79
-3.31
-1.21
-2.24
-2.20
-1.31
-2.20
-2.88
-2.20
-1.83
-2.20
-2.20
-1.73
-2.03
-2.97
0.80
-1.97
-2.50
-1.47
-2.20
-4.11
-2.20
-2.30
-2.50
-2.20
-2.30
-2.20
-4.48
-1.86
-2.20
-2.20
-2.20
-1.35
-2.20
-2.77
-2.16
-1.95
-2.20
-2.20
-2.20
-2.06
-2.20
-2.50
-1.49
-2.20
-2.66
-2.20
-3.42
-3.11
-2.20
-2.30
-4.52
-2.20
-2.30
-2.20
-2.20
-2.20
-2.20
-2.20
-2.20
-3.48
-1.17
-2.20
-2.20
-2.20
-1.79
-2.20
-1.96
-2.28
-1.91
-3.60
-2.20
-2.20
-2.50
-2.20
-1.78
-2.50
-2.20
-2.30
-2.50
-2.20
-2.30
-1.94
-1.70
-2.20
-2.20
-2.20
-2.20
-2.20
-2.20
-2.20
-2.06
-2.50
-2.20
-1.41
-2.50
-2.20
-2.17
-2.50
-2.20
-2.30
-2.50
-2.20
-2.30
-2.20
-2.20
-2.20
-1.94
-2.50
-1.53
-4.74
-2.50
-2.20
-1.60
-2.50
-2.81
-2.30
-2.50
-2.20
-2.30
-2.99
-2.20
-2.20
-1.63
-2.20
-1.91
-2.20
-2.20
-2.20
-2.20
-2.50
-1.66
-1.90
-3.45
-2.05
-2.04
-3.81
-2.20
-2.30
-2.50
-2.20
-2.30
-1.77
-2.20
-1.50
-2.20
-2.20
-1.76
-2.20
6.20
6.40
6.40
6.60
6.80
6.90
7.10
7.20
6.58
5.18
5.92
5.14
6.60
6.80
6.90
7.10
7.30
7.50
3.51
2.31
3.26
5.45
4.96
6.00
6.32
4.29
6.90
7.10
7.30
1.10
3.20
3.10
4.23
4.88
6.87
7.05
7.99
7.50
7.80
8.00
0.14
1.40
2.20
5.04
6.58
5.85
6.59
7.83
4.40
7.76
7.80
4.09
4.34
2.94
4.65
6.25
6.80
7.00
7.30
6.86
4.80
8.01
4.63
4.33
5.92
6.40
6.70
7.10
7.30
7.50
7.70
7.90
5.62
6.11
4.88
6.70
7.20
7.50
6.09
8.10
8.30
8.50
6.90
6.99
6.90
7.50
7.70
8.10
8.30
8.60
8.80
8.90
8.70
8.80
8.90
9.10
9.20
9.30
9.30
9.80
10.00
9.50
9.60
9.70
9.80
9.80
7.60
7.00
7.00
7.10
7.20
7.30
7.40
7.50
7.70
7.55
4.33
9.09
6.61
9.04
6.54
7.10
7.20
7.40
7.60
7.70
8.30
9.68
12.20
6.99
8.98
8.30
8.50
9.15
9.42
6.20
9.25
10.16
9.57
8.27
6.72
8.05
8.80
7.54
8.80
10.33
12.62
11.14
11.31
8.00
9.89
9.55
8.91
9.57
12.40
12.40
11.42
11.90
11.40
11.00
9.94
10.19
11.69
10.58
11.00
12.33
9.84
11.40
9.87
8.10
13.70
13.70
11.76
12.35
12.92
12.11
10.92
13.41
10.76
13.55
11.66
11.21
11.80
10.55
13.30
11.12
13.00
12.40
18.02
15.39
14.20
13.20
0.12
0.71
-2.03
-2.07
-1.02
-3.31
-0.67
0.31
-1.43
-0.14
0.77
1.96
1.99
2.21
2.26
2.23
1.69
1.77
1.90
2.09
2.06
1.84
0.52
-3.75
-2.04
-2.76
-2.65
-2.68
-1.74
-1.21
-2.93
0.15
-0.65
0.95
0.64
1.54
4.34
7.35
7.65
6.68
10.59
4.77
2.74
5.26
1.84
1.57
2.04
1.89
1.67
1.65
0.97
1.21
1.68
2.05
1.03
-0.67
-3.76
-6.08
-6.26
-13.77
-11.77
-6.52
-10.75
-6.78
1.38
-0.56
