-0.90
-2.20
-2.10
-0.60
-1.10
-1.40
-2.10
-3.30
-2.40
-1.40
-2.10
-2.40
-3.40
-1.50
-2.50
-1.30
-0.50
1.30
-1.30
-1.00
0.30
-0.30
-0.50
-0.30
-0.30
-0.10
-0.20
-1.50
-0.20
-1.10
-1.20
-0.20
0.20
-0.30
-0.30
-0.60
-1.10
-1.50
-1.50
-1.40
-1.80
-1.00
-0.90
-2.90
-0.80
-2.20
-2.00
-1.60
-1.10
-1.70
-1.40
-1.80
-2.00
-1.10
-1.50
-1.30
-2.10
-1.10
-0.70
-2.40
-0.50
-2.40
-2.90
-1.40
-1.20
-1.90
-1.00
-2.20
-1.50
0.20
-0.50
-0.30
-0.30
-0.10
-0.20
-1.50
-0.20
-0.90
-1.10
-0.30
0.00
-0.30
-0.30
-0.40
-1.10
-0.50
-0.30
-0.60
-0.50
-0.20
-0.10
-1.20
0.00
-1.40
-1.20
-0.70
-0.20
-0.30
-0.10
-0.50
-0.80
-0.50
-0.30
-0.60
-0.50
-0.20
-0.10
-1.70
0.00
-0.80
-1.20
-0.30
-0.70
-0.60
-0.10
-0.60
-0.80
0.65
-1.10
-0.70
1.50
1.00
1.10
1.20
0.40
1.10
-0.40
0.40
0.40
0.40
0.30
0.50
0.40
0.50
0.40
-0.10
-1.70
-1.40
0.00
1.10
-0.30
0.40
0.80
0.40
0.40
0.40
0.40
-2.10
1.10
-0.70
1.80
0.40
-1.70
2.30
2.10
0.80
2.20
1.70
0.60
1.10
1.60
0.40
2.30
2.20
2.50
2.20
2.50
1.90
2.20
2.20
2.20
1.70
0.80
0.80
2.20
2.20
1.70
1.50
1.20
2.50
2.10
1.20
2.20
1.70
0.60
2.10
1.60
0.40
2.30
2.20
2.50
2.20
2.50
1.90
2.20
2.20
2.20
1.70
0.80
0.80
2.20
2.20
1.70
1.20
1.20
4.00
0.75
2.80
2.50
0.30
2.30
2.20
2.20
0.30
1.40
-0.10
2.20
-2.10
0.60
1.30
2.00
-0.70
1.10
1.70
1.40
-0.70
0.80
-1.10
1.40
-4.20
-0.40
1.50
0.90
-1.30
1.00
1.00
1.10
-2.60
0.80
-4.10
-1.00
-4.90
-0.50
2.80
2.80
0.70
1.90
2.80
2.20
0.70
1.50
-0.30
2.80
-2.90
1.10
0.00
1.80
1.00
0.00
2.00
-0.80
-0.50
-0.80
-0.60
-1.70
-0.80
-1.70
-1.20
-1.10
-0.40
-1.30
-0.60
-0.80
-0.50
-0.80
-0.60
-0.70
-0.10
-0.70
-0.10
-0.70
-0.10
-0.70
-0.10
-0.30
-0.10
-0.20
-0.10
-0.20
-0.10
0.00
0.00
-0.50
-0.10
-0.20
-0.10
-0.30
-0.10
-0.20
-0.10
-0.30
-0.10
-0.40
-0.10
-0.30
-0.10
-0.40
-0.10
1.70
1.80
2.00
3.80
2.80
3.20
3.60
4.00
4.40
5.70
5.60
5.60
5.40
5.90
5.60
6.40
0.50
-2.20
0.30
1.60
1.40
3.40
0.40
0.00
4.10
-3.00
-3.00
-3.00
-3.00
-3.00
-3.00
-3.00
-3.00
-3.00
-2.50
-2.50
-2.50
-2.50
-2.50
-2.00
-2.00
-2.00
-2.00
-2.00
-1.50
-1.50
-1.50
-1.50
-1.50
-1.50
-1.50
-1.50
-1.50
-1.50
-1.50
9.60
15.00
15.00
0.20
0.10
0.10
0.83
0.83
3.40
0.40
0.00
3.40
0.40
0.0
-0.9
-2.2
-2.1
-0.6
-1.1
-1.4
-2.1
-3.3
-2.4
-1.4
-2.1
-2.1
-2.4
-1.3
-3.4
-3.3
-1.5
-2.2
-2.5
-2.5
-2.1
-0.5
-1.4
1.3
-1.3
-2.4
-2.1
-1.0
-0.9
-1.3
-1.0
-1.5
-1.4
0.3
-0.6
-0.5
-0.8
-1.0
-0.8
-1.0
-0.6
-0.7
-0.6
-0.7
-0.8
-1.0
-0.8
-1.0
-0.6
-0.8
-0.6
-0.8
-1.5
-1.5
-1.4
-1.5
-1.0
-1.1
-1.0
-0.8
-1.4
-1.5
-1.6
-1.5
-1.0
-1.4
-1.0
-1.2
-1.1
-1.5
-1.3
-1.5
-1.1
-0.7
-1.1
-0.5
-1.6
-1.5
-1.4
-1.5
-1.1
-1.0
-1.1
-0.7
-0.3
-1.0
-0.8
-1.0
-0.6
-0.7
-0.6
-0.7
-0.6
-1.0
-0.8
-1.0
-0.6
-0.8
-0.6
-0.6
-1.0
-0.8
-1.1
-0.8
-0.7
-0.6
-0.7
-0.5
-1.1
-0.8
-1.2
-0.8
-0.7
-0.6
-0.7
-0.5
-1.0
-0.8
-1.1
-0.8
-0.7
-0.6
-0.7
-0.5
-0.5
-0.8
-0.8
-0.8
-0.7
-0.6
-0.7
-0.5
-2.2
-2.2
-2.2
-2.2
-2.2
-2.2
-2.2
-2.2
-2.2
-2.2
-2.2
-2.2
-2.2
-2.2
-2.2
-2.2
-2.2
-2.2
-2.2
-2.2
-2.2
-2.5
-2.2
-2.2
-2.5
-2.2
-2.2
-2.5
-2.2
-2.3
-2.5
-2.2
-2.3
-2.2
-2.2
-2.2
-2.2
-2.2
-2.2
-2.2
-2.2
-2.2
-2.2
-2.2
-2.2
-2.2
-2.2
-2.2
-2.2
-2.5
-2.2
-2.2
-2.5
-2.2
-2.2
-2.5
-2.2
-2.3
-2.5
-2.2
-2.3
-2.2
-2.2
-2.2
-2.2
-2.2
-2.2
-2.2
-2.2
-2.2
-2.2
-2.2
-2.2
-2.2
-2.2
-2.2
-2.2
-2.5
-2.2
-2.2
-2.5
-2.2
-2.2
-2.5
-2.2
-2.3
-2.5
-2.2
-2.3
-2.2
-2.2
-2.2
-2.2
-2.2
-2.2
-2.2
-2.2
-2.2
-2.2
-2.5
-2.2
-2.2
-2.5
-2.2
-2.2
-2.5
-2.2
-2.3
-2.5
-2.2
-2.3
-2.2
-2.2
-2.2
-2.2
-2.5
-2.2
-2.2
-2.5
-2.2
-2.2
-2.5
-2.2
-2.3
-2.5
-2.2
-2.3
-2.2
-2.2
-2.2
-2.2
-2.2
-2.2
-2.2
-2.2
-2.2
-2.2
-2.5
-2.2
-2.2
-2.5
-2.2
-2.2
-2.5
-2.2
-2.3
-2.5
-2.2
-2.3
-2.2
-2.2
-2.2
-2.2
-2.2
-2.2
-2.2
6.2
6.4
6.4
6.6
6.8
6.9
7.1
7.2
6.4
6.4
6.4
6.6
6.6
6.8
6.9
7.1
7.3
7.5
4.4
4.4
4.5
5.4
5.6
6.0
6.3
6.6
6.9
7.1
7.3
2.3
4.4
4.6
5.7
6.0
6.5
6.9
7.2
7.5
7.8
8.0
2.3
4.4
4.8
5.8
6.0
6.5
6.8
7.1
7.4
7.6
7.8
2.3
4.4
5.0
5.9
6.2
6.8
7.0
7.3
7.6
7.8
8.0
4.4
5.2
5.7
6.4
6.7
7.1
7.3
7.5
7.7
7.9
5.5
5.5
6.4
6.7
7.2
7.5
7.9
8.1
8.3
8.5
6.9
6.9
6.9
7.5
7.7
8.1
8.3
8.6
8.8
8.9
8.7
8.8
8.9
9.1
9.2
9.3
9.3
9.8
9.2
9.5
9.6
9.7
9.8
9.8
7.6
7.0
7.0
7.1
7.2
7.3
7.4
7.5
7.7
6.5  
6.5
6.5
6.6
6.7
6.9
7.1
7.2
7.4
7.6
7.7
9.2
9.2
9.2
8.9
8.9
8.9
9.0
9.0
9.1
9.2
9.8  
9.8
9.8
9.1
8.9
8.8
8.8
8.8
8.8
11.9
11.9
11.9
11.9
11.0
10.4
10.1
9.9 
9.8
12.4
12.4
12.4
12.4
11.4
11.0
10.7
10.5
12.1
12.1
12.1
12.1
11.6
11.4
11.2
11.1
13.7
13.7
13.7
13.7
12.6
12.0
11.5
13.7
13.7
13.7
12.7
12.2
11.8
11.5
15.9
14.1
13.0
12.4
18.7
15.8
14.2
13.2
0.12
0.39
-2.14
-2.22
-2.40
-2.61
-1.17
-1.66
-1.43
-0.14
0.77
1.96
1.92
2.15
2.11
2.18
2.21
2.03
2.09
2.09
2.06
1.84
0.52
-3.89
-2.09
-2.25
-2.33
-2.32
-1.96
-1.98
-2.93
0.15
-0.65
0.95
0.32
1.77
3.99
7.73
8.38
4.52
9.05
4.77
2.74
4.69
1.84
1.92
1.82
1.55
1.29
1.16
1.61
1.15
1.68
2.05
1.80
-0.67
-3.90
-5.76
-5.86
-12.67
-11.45
-7.58
-11.45
-6.78
1.38
-1.11
